1403636587.763556 2.383506 2.383390 0.243213 0.058763 0.020087 0.005511 
1403636588.113555 2.636613 2.636473 0.267762 0.068908 0.023131 0.006122 
1403636588.413555 2.657998 2.657833 0.269910 0.068792 0.025699 0.006643 
1403636588.763556 2.679213 2.679024 0.272033 0.068519 0.027904 0.007162 
1403636589.163555 2.728767 2.728527 0.277024 0.068769 0.032277 0.007952 
1403636589.563555 2.800794 2.800489 0.284293 0.069162 0.037025 0.008124 
1403636589.963556 2.871015 2.870656 0.291389 0.069407 0.040653 0.008175 
1403636590.313555 2.984991 2.984606 0.302702 0.074201 0.043930 0.008993 
1403636590.663555 3.014781 3.014377 0.305711 0.074626 0.045085 0.009602 
1403636591.013556 3.044281 3.043860 0.308699 0.074659 0.046223 0.009812 
1403636591.463556 3.107020 3.106563 0.315056 0.074756 0.048622 0.009918 
1403636591.913555 3.234346 3.233830 0.327948 0.075894 0.052349 0.009983 
1403636592.413555 3.401695 3.401167 0.344872 0.076655 0.054235 0.014261 
1403636592.913555 3.618102 3.617553 0.366807 0.080133 0.056066 0.020129 
1403636593.313555 3.725345 3.724794 0.377691 0.082081 0.058195 0.020973 
1403636593.763556 3.800897 3.800349 0.385359 0.086511 0.059169 0.028233 
1403636594.213556 3.905627 3.905060 0.395959 0.091471 0.060954 0.031470 
1403636594.713556 4.045272 4.044696 0.410107 0.094863 0.063478 0.035224 
1403636595.213556 4.228848 4.228259 0.428729 0.105751 0.065205 0.041653 
1403636595.763556 4.461977 4.461438 0.452371 0.111280 0.066022 0.044033 
1403636596.263556 4.683524 4.682993 0.474834 0.115732 0.067343 0.048950 
1403636596.663555 4.766860 4.766335 0.483278 0.118101 0.068160 0.049183 
1403636597.163555 4.848764 4.848240 0.491587 0.119914 0.070531 0.049850 
1403636597.663555 5.002975 5.002461 0.507218 0.120247 0.071094 0.050368 
1403636598.213556 5.201538 5.201053 0.527355 0.125577 0.076122 0.054000 
1403636598.813555 5.527688 5.527214 0.560406 0.130538 0.083370 0.067668 
1403636599.413555 5.923677 5.923211 0.600241 0.132249 0.092580 0.080352 
1403636599.913555 6.142970 6.142431 0.622394 0.134694 0.099987 0.087672 
1403636600.363555 6.232690 6.232101 0.631499 0.136290 0.103036 0.089506 
1403636600.663555 6.252645 6.252042 0.633525 0.136737 0.103619 0.089887 
1403636600.963556 6.258308 6.257703 0.634100 0.136856 0.103766 0.089998 
1403636601.363555 6.271994 6.271380 0.635490 0.137188 0.104159 0.090260 
1403636601.663555 6.285649 6.285027 0.636876 0.137486 0.104507 0.090525 
1403636602.063555 6.299275 6.298645 0.638260 0.137822 0.104880 0.090777 
1403636602.363555 6.312871 6.312232 0.639640 0.138147 0.105224 0.091024 
1403636602.713556 6.321831 6.321186 0.640550 0.138365 0.105447 0.091184 
1403636603.113555 6.342988 6.342330 0.642698 0.138888 0.105962 0.091551 
