1403636587.763556 -0.442976 9.083163 3.679135 -0.270500 9.114579 3.617650 
1403636588.113555 -0.237610 9.105415 3.642948 -0.272979 9.113445 3.620318 
1403636588.413555 -0.209786 9.101644 3.654064 -0.274247 9.113007 3.621325 
1403636588.763556 -0.157572 9.100818 3.658742 -0.274732 9.112325 3.623005 
1403636589.163555 -0.131017 9.095137 3.673887 -0.275952 9.111636 3.624645 
1403636589.563555 -0.124879 9.100166 3.661623 -0.278434 9.110672 3.626877 
1403636589.963556 -0.115529 9.096850 3.670161 -0.279216 9.110216 3.627962 
1403636590.313555 -0.134369 9.095773 3.672188 -0.277413 9.110230 3.628064 
1403636590.663555 -0.114659 9.097425 3.668763 -0.278629 9.110160 3.628148 
1403636591.013556 -0.114540 9.098547 3.665981 -0.278109 9.109773 3.629160 
1403636591.463556 -0.100524 9.097921 3.667948 -0.278760 9.109416 3.630005 
1403636591.913555 -0.102900 9.097216 3.669630 -0.281280 9.109002 3.630850 
1403636592.413555 -0.122312 9.093695 3.677753 -0.282123 9.108297 3.632552 
1403636592.913555 -0.185945 9.086213 3.693542 -0.283901 9.107295 3.634926 
1403636593.313555 -0.199903 9.083543 3.699377 -0.284261 9.107044 3.635527 
1403636593.763556 -0.170181 9.084334 3.698921 -0.281736 9.107064 3.635673 
1403636594.213556 -0.185134 9.081153 3.706009 -0.280043 9.107216 3.635423 
1403636594.713556 -0.232961 9.073760 3.721387 -0.282259 9.107696 3.634051 
1403636595.213556 -0.194700 9.076782 3.716213 -0.280981 9.106226 3.637830 
1403636595.763556 -0.200373 9.075776 3.718367 -0.279337 9.105995 3.638533 
1403636596.263556 -0.189793 9.077211 3.715417 -0.280411 9.106550 3.637063 
1403636596.663555 -0.189197 9.077754 3.714121 -0.279452 9.106301 3.637759 
1403636597.163555 -0.191185 9.077499 3.714641 -0.280167 9.106471 3.637279 
1403636597.663555 -0.189960 9.077887 3.713759 -0.281645 9.107137 3.635499 
1403636598.213556 -0.179967 9.083390 3.700775 -0.282595 9.107866 3.633596 
1403636598.813555 -0.162448 9.078948 3.712470 -0.279120 9.109361 3.630117 
1403636599.413555 -0.117878 9.080321 3.710791 -0.275453 9.112342 3.622907 
1403636599.913555 -0.130233 9.080893 3.708982 -0.275698 9.113091 3.621002 
1403636600.363555 -0.135032 9.080933 3.708711 -0.276215 9.113277 3.620497 
1403636600.663555 -0.135385 9.081201 3.708042 -0.276801 9.113559 3.619742 
1403636600.963556 -0.135900 9.081481 3.707335 -0.276902 9.113833 3.619044 
1403636601.363555 -0.137553 9.081316 3.707678 -0.276877 9.113766 3.619214 
1403636601.663555 -0.137146 9.081547 3.707130 -0.276187 9.114002 3.618673 
1403636602.063555 -0.138410 9.081947 3.706100 -0.276350 9.114061 3.618511 
1403636602.363555 -0.138550 9.082176 3.705536 -0.276423 9.114211 3.618127 
1403636602.713556 -0.139274 9.082356 3.705065 -0.276500 9.114219 3.618103 
1403636603.113555 -0.139915 9.082471 3.704760 -0.276571 9.114304 3.617884 
