1403636587.763556 5.043288 5.029801 
1403636588.113555 5.095222 5.089570 
1403636588.413555 5.129459 5.121595 
1403636588.763556 5.188496 5.179457 
1403636589.163555 5.228577 5.215439 
1403636589.563555 5.243721 5.232629 
1403636589.963556 5.274973 5.260478 
1403636590.313555 5.287185 5.273526 
1403636590.663555 5.326488 5.312475 
1403636591.013556 5.345979 5.332522 
1403636591.463556 5.372314 5.357787 
1403636591.913555 5.390701 5.374857 
1403636592.413555 5.425737 5.404590 
1403636592.913555 5.427719 5.401626 
1403636593.313555 5.437291 5.413580 
1403636593.763556 5.443050 5.412853 
1403636594.213556 5.447299 5.412343 
1403636594.713556 5.473195 5.429831 
1403636595.213556 5.517420 5.478070 
1403636595.763556 5.569829 5.529048 
1403636596.263556 5.573582 5.530055 
1403636596.663555 5.583678 5.542127 
1403636597.163555 5.596571 5.556354 
1403636597.663555 5.616685 5.575490 
1403636598.213556 5.630854 5.593341 
1403636598.813555 5.647846 5.610514 
1403636599.413555 5.649640 5.615701 
1403636599.913555 5.652706 5.617451 
1403636600.363555 5.649691 5.615068 
1403636600.663555 5.649440 5.614934 
1403636600.963556 5.650896 5.616420 
1403636601.363555 5.649992 5.615579 
1403636601.663555 5.653006 5.618669 
1403636602.063555 5.651782 5.617812 
1403636602.363555 5.652331 5.618501 
1403636602.713556 5.652393 5.618757 
1403636603.113555 5.652318 5.618843 
