-0.000599949437197856  -0.00425576707796509     0.725138340797012 0.00109661914842162 -0.0016846958833677 0.00121257371864052 0.999997244441804
 -0.0181244270774489 -0.00441888652743353     1.47060286828701 0.00194478913117711 -0.00364326244199271 0.000693520994410777 0.999991231692881
 -0.031599285645417 -0.0150679694540382    2.20859105824376 0.00254657198173285 -0.00555754055716416 0.000821670482607637 0.999980976604913
-0.0554804695911155 -0.0200369386883858    2.99480639158583 0.00287192735310533 -0.00794829170848478 0.000199728108278871 0.999964267762043
-0.0940434544289982 -0.0146354833551867    3.79180731421875 0.0032699457594565 -0.00991069951270875 0.000633496237983799 0.999945340592382
 -0.163845805473826 -0.0290056888478644    4.62534898814273 0.0038360135915254 -0.0117779701838306 -0.000543690700471779 0.999923131454862
 -0.197023892220888 -0.0242901877400504    5.44139039934893 0.00442046688587698 -0.0142465858520098 -0.00197646962580034 0.999886787507411
 -0.185207909027879 -0.0603435812219795    6.28130450813067 0.0031348799253294 -0.0168000027719595 -0.00218136117057482 0.999851576034243
 -0.118844250470194 -0.0640305153468422    7.03894558047446 0.00199315634970087 -0.0195360031353565 -0.00245468229208491 0.999804154044234
-0.0764452396727814  -0.143338731009619    7.22051689709294 -0.000933494312251998 -0.0207537049616989 -0.000302885763898103 0.999784136991054
